1.03634	-0.00310603	-0.0125976	-0.00791714	-0.000378068	-0.00298584	-0.0183136	-0.0161826	-0.0073091	0.0136899	-0.0146037	-0.00928853	0.0155288	-0.0184867	0.00806346	-0.0105481	0.0146733	-0.0144029	0.00470019	-0.000376788	-0.0152688	-0.00213882	-0.0155461	-0.0170084	-0.00385798	-0.00183629	-0.0127064	-0.0145666	0.00924212	0.00615105	-0.00493048	-0.0187067	-0.00863783	0.00149688	-0.0168272	-0.0095256	-0.0223969	0.0108552	-0.0102691	0.000222897	0.00127544	0.00250951	0.000452813	-0.00641464	-0.0041831	-0.00638747	0.00579371	-0.00489702	-0.0177747	-0.00981751	-0.0149584	-0.0058788	-0.01107	0.00698123	0.00606382	0.0067627	-0.0179008	-0.0121002	-0.0191321	-0.0064636	-0.00784757	-0.0159486	-0.0267409	-0.00587968	-0.000358091	-0.00820194	-0.0121888	-0.0176566	-0.0138662	0.00757894	-0.00359199	-0.0153498	-0.0129182	0.00813125	0.00495075	-0.0216431	0.0121368	-0.00303999	-0.0117305	-0.0184671	0.00602261	-0.00195214	-0.0125105	-0.0101787	0.0146786	0.0041522	0.00537908	-0.00111305	-0.0269328	-0.0171078	-0.0189999	-0.0157006	0.00200662	0.00056825	-0.019605	-0.010532	-0.00283295	-0.0109829	-0.0218688	-0.00768293	-0.0180312	-0.00275213	-0.005612	-0.0157295	-0.022997	0.00278077	0.00358093	-0.0215542	-0.00778519	-0.00130795	-0.000225151	-0.0154739	-0.00228923	-0.00293271	-0.0276982	-0.0175258	0.00297736	0.0103194	0.000451623	-0.00573726	-0.0126458	0.0110995	-0.00510833	0.00582162	-0.0271045	0.0121087	-0.0119623	-0.0213485	-0.0238003	-0.00985347	0.0035221	-0.0135058	0.00243194	-0.0201703	-0.00799605	-0.0231844	-0.00364864	0.00931774	-0.00325069	-0.00609413	-0.00814178	0.0146083	-0.0179966	-0.000645473	0.000980779	-0.00313791	-0.0254378	-0.0108657	-0.0030408	-0.00878813	-0.0122502	-0.0201591	-0.00426395	-0.00933141	0.00655647	-0.0018306
-0.00310603	0.944542	0.00717939	-0.00670824	-0.012574	-0.0144686	-0.00367122	0.00833425	-0.0152395	-0.0115189	-0.00125161	0.00210012	-0.041049	-0.00312344	-0.0398011	0.00143672	-0.052366	0.00534897	-0.0457957	-0.0100545	0.00884904	0.0117489	0.0250628	-0.00206897	-0.0141679	0.0021455	-0.00166027	0.00612977	-0.0297506	-0.0141586	0.00433446	0.0108683	0.00289109	-0.0359714	0.00368112	-0.0115976	0.0134704	-0.000559961	0.00972653	-0.0222277	-0.0202472	-0.0218139	-0.00473082	-0.00564017	-0.00441346	0.0178731	-0.000104899	0.00599202	0.00817034	0.000383041	-0.00207757	-0.0257402	-0.0110826	-0.0207358	-0.0187603	-0.00386655	-0.000860222	-0.00515991	0.016236	-0.0110206	-0.00768421	0.00965108	0.00235331	-0.00493557	-0.0283126	-0.0002358	0.0044626	-0.000550746	-0.0113813	-0.00562017	0.00128258	0.00407812	0.00611401	-0.0357944	-0.0168782	0.00298572	-0.0374699	-0.00557543	0.0125372	0.00724517	-0.0166481	0.00645665	0.0045229	0.00232527	-0.0494958	0.00522014	-0.00230158	-0.0104488	0.00145944	0.00331752	0.00215861	8.6235e-05	-0.00655664	-0.012403	-0.00261079	0.0171244	-0.00667399	0.00142436	-0.000784639	0.00629679	0.00917013	-0.0129709	-0.000624567	0.00693373	0.0140787	-0.0058184	-0.00558593	-0.000892633	0.0188813	0.00177631	-0.0130534	0.00852022	-0.00799775	-0.00996322	0.00307431	0.00568023	-0.0090216	-0.0553291	-0.00674701	-0.00423511	0.00251786	-0.0450854	0.00357417	-0.00994484	-0.00388775	-0.0133058	0.00534604	0.0110871	-0.00444128	0.0001852	-0.0116766	-0.00812718	-0.0145643	0.00281131	0.0026556	0.00156845	-0.0257037	-0.0208715	-0.000924662	-0.00609104	-0.00056208	-0.04255	0.00829834	-0.056243	-0.0124137	-0.0345351	0.0129362	-0.0117331	-0.0111724	0.00104829	-0.00990973	0.000274201	-0.0213039	-0.00236035	-0.012444	-0.0155189
-0.0125976	0.00717939	0.957418	-0.00547137	-0.0141556	-0.0224655	-0.0036397	-0.00289553	-0.0165789	-0.019908	0.00574894	-0.00151334	-0.0334198	-0.00540045	-0.0358931	-0.000270517	-0.0445675	-0.00432761	-0.0458323	-0.0109743	0.01313	0.0113419	-0.00341247	-0.00204202	-0.0128403	-0.00266729	-0.00454081	0.0139368	-0.0329588	-0.0144763	-0.00175984	0.0108982	0.00130178	-0.0251948	-0.00618654	-0.00818886	0.00325806	-0.00586726	0.0038977	-0.0168984	-0.022109	-0.0178672	-0.00531674	0.00675109	-0.00467731	0.0160773	-0.00990212	0.017947	0.000232504	0.00189635	-0.000859303	-0.02396	-0.0114437	-0.0318183	-0.0252613	-0.00304149	0.00512802	-0.012623	0.00870629	-0.00841351	-0.00991404	0.0172321	0.005672	7.5306e-05	-0.0368148	0.0063525	0.00621328	-0.00665539	-0.00568423	-0.0124183	-0.00983632	0.000309307	0.00193518	-0.0434021	-0.0237661	0.00101207	-0.0275912	-0.0109602	0.026953	0.00478218	-0.0092798	0.00946998	0.00353108	-0.00564116	-0.0460904	-0.00356742	-0.00452079	-0.00503332	0.00514225	0.0185248	0.00345995	-0.00245206	-0.0146248	-0.0113985	-0.0090559	0.00932929	-0.0127136	0.00525039	-0.00348641	0.00664736	0.0140503	-0.0209797	0.00532864	0.00654111	0.00274609	0.00543837	-0.0199277	0.00249194	0.0151744	-0.00794089	-0.0197813	0.0101057	-0.0121027	-0.00583493	0.00318436	0.01038	-0.0114969	-0.0482777	-0.0107464	0.00595776	0.0112832	-0.032157	0.00301881	-0.00148611	0.00133889	-0.0151872	0.00688277	0.0135774	-0.00057552	0.00308681	-0.0195511	0.00826062	-0.011546	-0.000555726	0.00427693	0.00915586	-0.00969241	-0.0273176	0.012893	-0.00373821	0.000485721	-0.0435481	0.00192206	-0.0467945	-0.0148303	-0.0230051	-0.0032785	0.00298186	-0.00987392	0.00942361	-0.016087	-0.00403325	-0.0161223	0.00208664	-0.00728002	-0.0171226
-0.00791714	-0.00670824	-0.00547137	0.986613	0.00588174	0.00578328	0.00414527	-0.0140275	-0.00626336	-0.0162254	-0.00720354	-0.0184997	-0.0148503	0.00411968	0.00290386	-0.00562244	-0.0364039	-0.0171733	-0.032182	0.00347985	-0.00916244	-0.00569823	-0.0119422	0.0084857	-0.00723939	-0.0134947	-0.00337851	-0.0158937	-0.0165194	-0.00396122	-0.0119192	-0.00822375	-0.00116932	-0.0124354	0.0185735	-0.00993776	-0.0163278	0.00645461	-0.0127228	0.0496919	0.0407697	0.0169367	-0.00772329	-0.00699206	-0.0071183	-0.0218451	0.00422785	-0.00905403	0.000131041	-0.0181517	-0.000383831	-0.0215593	-0.00325076	-0.0178628	-0.00131278	0.00192093	0.00895329	-0.0143223	-0.0130944	-0.0142758	0.0111112	-0.0114048	0.00134346	0.00221978	-0.0200708	-0.0118267	-0.013732	0.00759401	-0.000770379	-0.00348452	-0.0120574	-0.0139352	-0.0197413	-0.0343479	0.0367222	0.00479427	-0.0326255	-0.00897723	-0.0105341	-0.00554138	0.00101515	-0.00549856	-0.016048	-0.00777696	-0.038058	-0.00821193	0.01219	-0.00577836	0.00778938	-0.0194546	-0.00230897	-0.00987673	0.00495364	-0.00171091	0.0237786	-0.0120033	-0.00489939	-0.0112562	0.00505846	-0.00955222	-0.0136929	-0.0118186	-0.0109069	-0.0101466	-0.0151557	-0.0143495	-0.0136633	0.0217556	-0.0154384	-0.0126687	-0.0115519	-0.0136478	-0.00175132	-0.00103631	0.0188667	-0.00940669	0.014371	-0.0353436	0.00642344	-0.0102714	-0.0124409	-0.0278492	-0.00545725	-0.000154555	0.0050302	-0.00326663	-0.0136421	-0.0272623	0.0174902	-0.0107753	0.0316348	-0.0173867	0.00250093	0.000663076	-0.0189485	0.0111921	-0.0159986	0.0357202	-0.0183498	-0.0139867	-0.0171386	-0.0303097	-0.000929716	-0.032107	0.0002379	-0.0267863	-0.0172774	-0.00532297	-0.0143026	-0.0079747	-0.0086014	0.00149664	-0.00383083	-0.0201239	-0.0126772	-0.0153045
-0.000378068	-0.012574	-0.0141556	0.00588174	1.01138	-0.00308939	-0.0184018	-0.00730902	0.0305362	0.00668549	-0.00368205	-0.00693057	-0.0174797	-0.015845	-0.0117399	-0.00961293	-0.0508424	-0.00509774	-0.0495906	0.0202193	-0.0110341	-0.0154219	-0.00788112	-0.0159169	0.0295863	-0.00898419	0.0267972	-0.0125147	-0.0237581	0.00966379	-0.0076383	-0.0159966	-0.00708624	-0.036102	-0.016857	-0.00285875	-0.0073531	0.0200764	-0.0127565	0.0221745	0.0339449	-0.000496502	0.0039761	-0.00797243	0.00109369	-0.00698609	0.0155828	-0.0117083	-0.0179241	-0.0134127	-0.0181967	-0.0177655	-0.00957726	-0.00831091	0.00436036	0.0261083	-0.0163775	-0.00336871	-0.00684009	0.00395872	0.0186365	-0.00977988	-0.0207197	0.00737001	-0.0262273	0.00623438	-0.00702196	-0.0151789	-0.0119048	0.0245825	0.00716613	-0.00291733	-0.0149689	-0.0517391	0.0192494	-0.0133634	-0.0411186	-0.00873679	-0.00962818	-0.00919684	0.0197108	-0.0107331	-0.0115376	-0.0035584	-0.0478104	0.0138108	0.0312296	-0.00575794	-0.0125318	-0.00749624	-0.0025308	-0.0113517	0.0203673	0.0202881	-0.0108737	-0.00696986	0.0103054	-0.00069799	-0.0224202	-0.00355831	-0.0116506	-0.0133005	-0.00886197	-0.00430081	-0.0165171	-0.0194605	-0.0030985	-0.0238557	-0.015905	-0.00886642	-0.00989111	-0.019551	-0.00349124	0.0215948	-0.0096877	-0.00118632	0.0206525	-0.0523875	0.0264059	-0.0155801	-0.0038861	-0.0373766	0.00689994	0.0175798	-0.0146306	0.0127786	-0.0079167	-0.0136864	-0.017318	-0.00561893	0.0271259	-0.00865701	0.027937	-0.0143244	-0.0132499	-0.0221759	-0.0199332	0.0217163	-0.0135593	-0.0195481	-0.00526032	-0.0386086	-0.00593628	-0.0517938	0.00136777	-0.0333274	-0.0109446	0.0120421	-0.0215555	-0.0102825	-0.0103476	-0.0155072	-0.00516906	-0.0127786	-0.00740063	-0.0219623
-0.00298584	-0.0144686	-0.0224655	0.00578328	-0.00308939	1.10841	-0.0315954	-0.0282952	0.00759973	0.00797697	-0.0177015	-0.0170057	0.0233032	-0.0283363	0.0332837	-0.0161793	0.040525	-0.01384	0.0286841	-0.00283049	-0.0255834	-0.0168874	-0.0269256	-0.0327041	-0.00642423	-0.00516641	0.000648887	-0.0107993	0.0264647	0.0156619	-0.019745	-0.0268734	-0.0138737	0.0246795	-0.0289241	-0.006557	-0.0157248	-0.00435985	-0.0229007	0.0352196	0.0494732	0.0365762	-0.00413275	-0.0157068	-0.00800319	-0.0211963	0.00126283	-0.0184818	-0.0296066	-0.0231253	-0.0266876	0.0152985	-0.00584635	0.00717066	0.0268096	-0.00485203	-0.0323866	-0.00887148	-0.0259186	-0.00977256	-0.001996	-0.0320093	-0.0313136	-0.00518942	0.0302477	-0.017106	-0.0141351	-0.0377999	-0.0146099	-0.0142155	-0.0156197	-0.0197216	-0.0169372	0.0349197	0.0344448	-0.033919	0.0301068	-0.00991034	-0.0266198	-0.0241545	0.00315475	-0.0217811	-0.0129414	-0.0200615	0.0323494	0.00269495	0.0031824	-0.0159211	-0.0353596	-0.0257056	-0.0161122	-0.0286489	0.00277594	-0.00539103	-0.0299149	-0.0271497	0.00432764	-0.0203305	-0.0251674	-0.00689846	-0.0204501	-0.00286414	-0.0200229	-0.0111541	-0.0207833	-0.0176314	0.000129537	-0.0345666	-0.0225652	-0.00594716	0.00453619	-0.0195735	0.0056497	-0.00321646	-0.028204	-0.0328979	0.00111549	0.0358405	0.00902518	-0.0109029	-0.0154758	0.0234003	-0.0137945	0.0113131	-0.0323691	0.0104917	-0.0265447	-0.0300238	-0.030562	-0.014849	0.0417822	-0.00890386	-0.00184304	-0.0369262	-0.0166649	-0.0297497	0.00679498	0.0484381	-0.0138215	-0.00856653	-0.0113919	0.0430586	-0.0192122	0.0308121	0.000471374	0.00440368	-0.0128352	-0.00668572	-0.00158997	-0.0238377	-0.0161031	-0.0268745	0.00665591	-0.0131755	-0.00432691	0.0118765
-0.0183136	-0.00367122	-0.0036397	0.00414527	-0.0184018	-0.0315954	0.969925	0.017396	-0.0235071	-0.0176825	-0.00328626	-0.00512974	-0.0557024	0.0587978	-0.0477955	-0.00490807	-0.0766715	-0.00151497	-0.0616473	-0.0215243	-0.00194264	-0.000745835	0.00258008	0.0515731	-0.0176379	-0.0180293	-0.014222	0.00304851	-0.0517003	-0.0283846	-0.000730635	0.00528191	-0.0168157	-0.0577355	0.0463411	-0.0158841	0.00213459	-0.0181823	-0.0027376	-0.0328616	-0.0347099	-0.0391032	-0.0205113	0.00393159	-0.012701	-0.000754756	-0.0172872	-0.00349272	0.0154329	0.00673928	0.0504182	-0.04278	0.00673708	-0.040141	-0.0334985	-0.0177194	0.0361354	-0.0148658	0.00405628	-0.0147845	-0.0274324	0.00145462	0.0461935	-0.0112252	-0.0571392	-0.00409931	0.00560985	0.0590774	0.0402466	-0.0211879	-0.00821053	-0.00278328	-0.0011012	-0.0689158	-0.0272523	0.0939253	-0.0627579	-0.007114	-0.00700134	0.0150212	-0.0216672	-0.00240333	0.0148232	0.00667003	-0.070161	-0.018609	-0.0188238	-0.0046927	0.041351	0.00320596	0.00656519	0.0128595	-0.0177542	-0.0240976	0.0412209	0.000364558	-0.0210057	0.000725165	0.0506212	-0.00388993	-0.000435713	-0.0317325	-0.0138028	-0.00980814	0.00310012	-0.0130129	-0.0235371	0.201047	0.0048935	-0.0158859	-0.0296096	0.00873365	-0.0189531	-0.0196225	0.0428361	0.00318626	-0.0215901	-0.0709688	-0.0206148	0.0069736	-0.0131225	-0.0580558	-0.0174575	-0.0137795	0.0847838	-0.0298	0.00384854	-0.000973478	0.0763688	-0.00527753	-0.0318013	-0.0151724	-0.0274531	0.0558927	-0.00019782	0.0767896	-0.0261755	-0.0387451	-0.0158086	-0.00979682	-0.00213039	-0.0675943	0.017961	-0.064596	-0.0378234	-0.0433956	0.00518952	-0.0203713	-0.0282464	0.00722185	0.00263777	0.108416	-0.038643	-0.0139988	-0.0169668	-0.0335704
-0.0161826	0.00833425	-0.00289553	-0.0140275	-0.00730902	-0.0282952	0.017396	0.938881	-0.0114844	-0.0200351	-0.00560545	0.00131216	-0.0442602	0.0139238	-0.037107	-0.00397557	-0.0655928	0.015687	-0.0615251	-0.0122071	0.0128712	-0.00159399	0.00653694	0.00886724	-0.014688	-0.0118719	-0.0126563	0.00715125	-0.0302463	-0.0259286	0.0141574	0.0211545	-0.00282777	-0.0386256	0.0243741	-0.00319353	0.00843252	-0.0135992	0.0110141	-0.0367263	-0.0337827	-0.0323397	-0.00188643	0.0134104	-0.00579658	0.00563865	-0.00564834	0.00545941	0.0130798	0.0121706	0.0207297	-0.0297869	-0.000798347	-0.0289478	-0.0228112	-0.00638113	0.016384	0.00335106	0.00540196	-0.00698781	-0.0114303	0.00750677	0.0139686	-0.00574522	-0.0433539	-0.00148072	0.00114581	0.0201018	0.00477142	-0.00931964	-0.00418501	0.0142411	0.00680792	-0.0523353	-0.0228153	0.0166739	-0.0433018	-0.00316577	0.000980332	0.0153327	-0.0123175	0.0108963	0.0158156	0.0212406	-0.0522797	-0.012914	-0.00827797	0.00195925	0.0153899	0.00749446	0.00233011	0.0187518	-0.0107602	-0.00666389	0.0168656	-0.00271989	-0.0212962	0.0088473	0.0172204	0.00272517	-0.00478965	-0.0249596	0.00404519	0.0169161	0.019307	-0.00361759	-0.00421064	0.00883512	0.0116238	-0.00340645	-0.0151088	0.0126628	-0.0183618	-0.0133589	0.0179796	0.0102829	-0.0123455	-0.0634474	-0.015494	0.00504154	-0.00505531	-0.0421009	-0.0113561	-0.0121472	0.00687134	-0.0263574	0.0102262	0.00606049	0.0128827	0.00194246	-0.0260917	0.00519928	-0.0126839	0.00805415	-0.010058	0.0120935	-0.0165709	-0.0370223	-0.00165689	0.00142679	-0.000975447	-0.0594043	0.00832584	-0.0546073	-0.0283533	-0.0262366	0.00214925	-0.00712996	-0.0233859	0.0183009	0.00287972	0.0156182	-0.0245936	-0.00341356	-0.00618852	-0.0301682
-0.0073091	-0.0152395	-0.0165789	-0.00626336	0.0305362	0.00759973	-0.0235071	-0.0114844	1.00211	-0.00243871	0.00458366	-0.0114569	-0.0124391	-0.0145888	-0.0081036	-0.00898261	-0.0477976	-0.0078285	-0.0381391	0.0161951	-0.0148938	-0.00352778	-0.0106631	-0.0206675	0.0202026	-0.0116629	0.0244334	-0.00799288	-0.0115281	0.0157865	-0.00861516	-0.0218506	-0.00830291	-0.0251114	-0.0214345	-0.00150538	-0.0217228	0.0175597	-0.0101455	0.0245209	0.0202102	-0.00169908	-0.00608708	-0.00345237	-0.00527027	-0.00746161	0.0187977	-0.00845619	-0.012432	-0.00508726	-0.0154297	-0.0144293	-0.0186404	-0.00702532	0.00181955	0.0206196	-0.0124857	0.00305131	-0.00799151	0.00510335	0.0212844	-0.0129975	-0.0236636	0.0147236	-0.0201859	-0.00474868	-0.0111208	-0.0218742	-0.00736462	0.0199247	0.00119431	-0.00864752	-0.00905112	-0.0328645	0.0153919	-0.0173187	-0.0357888	0.00294212	-0.0130073	-0.012137	0.0168416	-0.0148527	-0.00505793	-0.0117725	-0.042914	0.00879975	0.0168227	-0.00538406	-0.0212694	-0.00943553	-0.00219992	-0.0123442	0.0190814	0.0166444	-0.0146451	-0.00730085	0.0133223	-0.00825739	-0.0126894	-0.0116224	-0.0160918	-0.00837367	-0.000227903	-0.00129868	-0.00801572	-0.0065396	-0.00754601	-0.0226565	-0.0141628	-0.0125962	-0.00906839	-0.0086047	-0.00200178	0.0244841	-0.0273711	-0.0131664	0.0201304	-0.0410304	0.0272187	-0.0107573	-0.00403501	-0.0302342	0.00499522	0.0110732	-0.0239274	0.0100711	-0.00820375	-0.00993948	-0.0199561	-0.00558952	0.0226435	-0.00896362	0.0151681	-0.0250697	-0.00374036	-0.0140233	-0.0255762	0.0257195	-0.00753178	-0.0216163	-0.00260052	-0.0276694	-0.0148137	-0.0329187	0.00840443	-0.0182161	-0.00581952	0.00502026	-0.0225866	-0.0114993	-0.0102856	-0.0235647	-0.0094478	-0.00748879	-0.00703228	0.0038567
0.0136899	-0.0115189	-0.019908	-0.0162254	0.00668549	0.00797697	-0.0176825	-0.0200351	-0.00243871	1.10006	-0.0146206	-0.0120317	0.0152047	-0.018002	0.0177146	-0.0140015	0.0198481	-0.0138115	0.0252831	-0.0086775	-0.0206013	-0.00918484	-0.0109831	-0.0246918	0.0103146	-0.000219426	-0.000999542	-0.0122146	0.0170283	0.01153	-0.0118166	-0.0154331	-0.00627241	0.00820997	-0.0270224	-0.00117864	-0.0205612	0.00443979	-0.0138793	0.000357685	0.00637079	0.0107895	-0.00761356	-0.0113784	0.00472958	-0.0181287	0.00461521	-0.0154005	-0.0189129	-0.0124452	-0.0253307	0.00814898	-0.0148896	0.0118491	3.96365e-05	0.00225867	-0.019227	-0.00587862	-0.0181785	-0.00445877	-0.00641946	-0.015398	-0.0237469	-0.0112987	0.016641	-0.0190835	-0.0155936	-0.0229637	-0.0160633	0.00321814	-0.00795379	-0.0119589	-0.0121572	0.0205547	0.00528928	-0.0185088	0.0145249	-0.00815957	-0.0217286	-0.019434	-0.00171505	-0.0133679	-0.0154225	-0.0193968	0.0197111	-0.010276	-0.00158143	-0.007548	-0.0234812	-0.020202	-0.0113102	-0.0146059	-0.00571889	-0.00834408	-0.0252536	-0.0156085	-0.00221852	-0.0120938	-0.0247153	-0.0047676	-0.00721795	0.00282024	-0.00349482	-0.0107735	-0.0115983	-0.00726464	-0.00304055	-0.0243662	-0.0185603	0.000692995	0.0138094	-0.0148184	-0.00603375	-0.00441365	-0.0183651	-0.0204561	0.00192811	0.0149012	0.00733306	-0.0140071	-0.00994142	0.0160182	-0.00519279	0.000795684	-0.0281407	0.003314	-0.0158912	-0.0201408	-0.0304371	-0.0110365	-0.00320808	-0.00131479	0.00166636	-0.0224171	-0.0187177	-0.0303819	0.0079162	0.00651587	-0.00192428	-0.016344	-0.00731369	0.0250581	-0.0217231	0.0140862	0.00145015	0.000135592	-0.0218265	-0.0140937	-0.000474013	-0.0165094	-0.0191583	-0.0276987	-0.00389693	-0.00750107	-0.00142217	-0.00198102
-0.0146037	-0.00125161	0.00574894	-0.00720354	-0.00368205	-0.0177015	-0.00328626	-0.00560545	0.00458366	-0.0146206	0.953742	-0.00891419	-0.0335769	-0.00439211	-0.0186992	-0.0161655	-0.0508786	0.00620338	-0.0464913	-0.00156456	0.00155952	0.00581724	0.00444809	-0.00686081	-0.00874182	0.00686404	-0.00691515	0.00449002	-0.0336154	-0.0156064	0.00239885	-0.00226436	-0.00224794	-0.037227	0.00845079	-0.00691665	0.000843405	-0.0075639	-0.00367924	-0.0105837	-0.0187251	-0.0226417	0.0110876	-0.00389876	-0.00416346	0.0172027	-0.00831463	0.00426212	0.000760417	0.00438354	-0.00164011	-0.0228709	-0.0128849	-0.0196596	-0.0136695	-0.00400142	0.00265965	-0.00705563	0.0150271	-0.00216737	-0.01188	0.012521	0.00426406	-0.00111592	-0.0247416	0.0411516	0.00639784	-0.0080745	-0.0104695	-0.0069233	-0.0036937	-0.00651519	-0.000283049	-0.038069	-0.00900495	-0.00560713	-0.0295912	-0.00060104	0.0183352	0.00205151	-0.0138145	0.00294306	0.000282357	0.0015701	-0.0510449	-0.00500526	-0.000171498	0.00146482	-0.00577967	0.0107321	-0.00402971	0.00417374	-0.00652047	-0.0165819	-0.00183455	0.0151633	-0.0136383	-0.00284586	-0.00706645	0.0014716	0.00906647	-0.0129831	0.000892185	-0.00108418	-0.00513636	-0.00350163	-0.00562894	-0.00830574	0.00629767	-0.00351532	-0.0117835	0.00766023	-0.0105315	-0.00366118	0.00104822	0.0183643	-0.00672006	-0.0479365	-0.0139689	-0.00652938	0.00855685	-0.0289863	0.00809897	-0.00251214	-0.00217804	-0.012962	-0.00211874	0.0146956	0.00132645	0.00545102	-0.0153518	-0.0125819	-0.00813854	0.00366254	0.00124919	-0.00934037	-0.0108148	-0.0154073	0.00125712	-0.00749341	0.0080237	-0.0452042	0.0122145	-0.0468343	-0.00753667	-0.0257623	0.00954115	-0.00569214	-0.0202049	0.00287053	-0.00957477	-0.0135124	-0.0124025	-0.00428214	-0.00968891	-0.0174065
-0.00928853	0.00210012	-0.00151334	-0.0184997	-0.00693057	-0.0170057	-0.00512974	0.00131216	-0.0114569	-0.0120317	-0.00891419	0.980882	-0.0207904	0.00183833	-0.0145643	0.00577159	-0.0296955	0.00571324	-0.0261523	0.000223065	-0.00166179	0.00202705	-0.0018983	-0.00720201	-0.0143866	-0.0107555	-0.0122072	-0.00599402	-0.0175924	-0.0162699	-0.000174399	-0.00108928	-0.00549839	-0.0151426	0.00189642	-0.00241872	-0.00552474	-0.00203079	-0.00347371	-0.0122359	-0.0190324	-0.0220474	-0.00357289	0.00288474	-0.00183757	-0.00566153	0.00232997	0.00307743	-0.00217646	-0.00599103	0.00379385	-0.0116863	-0.00323651	-0.00940103	-0.0109374	-0.00879805	-0.00719007	-0.00854897	-0.00712057	-0.00392803	-0.010215	-0.0013899	-0.00338959	-0.00363306	-0.0249179	-0.00168158	-0.00139947	-0.00774598	-0.00327426	-0.00640628	0.00362853	0.00400425	-0.00529472	-0.0259925	-0.0142654	-0.00545492	-0.0232936	-0.00850616	-0.0010839	0.00483465	-0.00374915	-0.00466487	0.0143379	0.00201437	-0.0272127	-0.00918347	-0.00152869	0.0127905	-0.00704094	-0.00201698	-0.00328888	0.00590554	-0.00784262	-0.00927267	-0.007615	-0.00956959	-0.0118156	-0.00884519	-0.00290258	0.00570793	-0.0080736	-0.0182808	0.00845092	-0.00131201	-0.00528403	0.00152059	0.00181571	-0.00463393	-0.00809259	0.00417787	-0.00115277	-0.00202577	-0.00653521	-0.00317611	-0.00609555	0.00441491	-0.00681183	-0.0322772	-0.0120436	-0.00231526	-0.00141034	-0.0170855	-0.00445764	-0.00988827	-0.0108593	-0.0197148	-0.00111024	0.00256445	-0.00532038	-0.0048916	-0.0166452	0.0125958	-0.00636228	-0.00354986	0.00155887	-0.00494488	-0.0154777	-0.0198028	-0.00229967	-0.00450181	-0.00319078	-0.0212239	-8.44239e-05	-0.0288758	-0.0100327	-0.0172855	-0.0111149	-0.0050723	-0.00763589	-0.00269574	-0.00369072	-0.00232379	-0.00959583	0.0150541	0.00255063	-0.0203883
0.0155288	-0.041049	-0.0334198	-0.0148503	-0.0174797	0.0233032	-0.0557024	-0.0442602	-0.0124391	0.0152047	-0.0335769	-0.0207904	1.24199	-0.0525142	0.0852464	-0.0228571	0.18408	-0.0493058	0.169838	-0.0216449	-0.0472922	-0.0403274	-0.0384296	-0.0453269	-0.0131246	0.00773804	-0.0218665	-0.0401069	0.0913331	0.0221477	-0.041267	-0.0509232	-0.00457095	0.112452	-0.0485925	-0.00336927	-0.0514738	-0.0238733	-0.0365496	-0.00139027	0.016561	0.0408122	-0.0136297	-0.0320591	-0.0175795	-0.046542	-0.0296309	-0.0284214	-0.0470278	-0.0416957	-0.0484162	0.0916446	-0.0165612	0.0578564	0.0297954	-0.0366745	-0.0478215	-0.0105653	-0.0447942	-0.011047	-0.0285227	-0.0481969	-0.0426596	-0.0243144	0.0984283	-0.0330745	-0.027731	-0.0507955	-0.0290933	-0.0175413	-0.0174077	-0.0413392	-0.0404017	0.158768	0.0144608	-0.050203	0.144612	-0.00846632	-0.0421663	-0.0557826	-0.00807103	-0.0535372	-0.046103	-0.0502065	0.173193	-0.00846427	-0.0246447	-0.024449	-0.0524078	-0.0341529	-0.0293078	-0.0438531	-0.00839746	-0.022105	-0.0440537	-0.0323022	-0.00252753	-0.0412856	-0.0482003	-0.0314385	-0.0335274	0.0222931	-0.017991	-0.0289063	-0.040375	-0.0195351	0.00558846	-0.0578776	-0.0385431	0.000462513	0.0472611	-0.0370077	0.0123545	-0.02004	-0.0543634	-0.0557513	-0.00834833	0.182744	-0.0213717	-0.032838	-0.0341694	0.136213	-0.0239629	0.00716632	-0.0475166	0.0274373	-0.0412042	-0.0483657	-0.0594889	-0.0346262	0.00290597	-0.0248254	-0.00383598	-0.0532872	-0.0379702	-0.0538794	0.0403873	0.0162573	-0.0180191	-0.0125194	-0.0368833	0.162647	-0.0491462	0.156456	0.0120324	0.0760064	-0.0463583	-0.0218544	0.0246296	-0.0397439	-0.0183068	-0.0512467	0.0377538	-0.0204217	0.00138346	0.0394201
-0.0184867	-0.00312344	-0.00540045	0.00411968	-0.015845	-0.0283363	0.0587978	0.0139238	-0.0145888	-0.018002	-0.00439211	0.00183833	-0.0525142	0.920768	-0.0493468	-0.00455867	-0.0655109	-0.000960165	-0.0608218	-0.0100086	0.0105907	-0.00138813	-0.00315099	0.0434803	-0.0159419	-0.0154791	-0.0113657	0.00975192	-0.043021	-0.0364818	0.00219311	0.00197839	-0.0121841	-0.0541588	0.0667627	-0.0147427	0.00086773	-0.0151674	-0.00182798	-0.0325473	-0.0413232	-0.0359941	-0.0114437	0.00733447	-0.0142898	0.000604199	-0.0135208	-0.00683081	0.0104021	0.00841785	0.04309	-0.0348201	0.00952176	-0.0347449	-0.0225257	-0.0131316	0.043609	-0.0189456	-0.00691771	-0.00673856	-0.0205378	0.0170843	0.0852843	-0.00711311	-0.0461998	-0.00986932	-0.00236647	0.0514321	0.0344339	-0.0197603	-0.00720355	0.0101758	0.00443404	-0.0591324	-0.0303179	0.0526204	-0.0558328	-0.00620446	-2.14873e-05	0.0146284	-0.0245316	0.00426468	0.0062068	0.0121837	-0.0667891	-0.0144086	-0.017341	0.00355948	0.0469334	-0.00677542	0.00646037	0.0112693	-0.0174651	-0.013676	0.0554466	0.00258315	-0.0212781	0.0026115	0.0468918	-0.00381274	0.000108178	-0.0266056	-0.00249138	-0.00323714	0.00730658	-0.0118536	-0.014469	0.0477393	0.00237571	-0.0162987	-0.0342932	-0.00639264	-0.021081	-0.0165292	0.0414247	0.00335837	-0.0205806	-0.0723919	-0.0143719	0.00970527	-0.0147731	-0.0493115	-0.00799968	-0.0243498	0.042267	-0.0276791	0.0034539	-0.00257547	0.0538879	-0.0132949	-0.0346979	-0.00093719	-0.0236976	0.0540562	0.00136162	0.0535668	-0.0342725	-0.041401	-0.00855724	-0.00336642	0.000599372	-0.0644627	0.0202647	-0.0591223	-0.0300314	-0.0363497	0.00897797	-0.00761834	-0.0218988	0.0119496	0.0109305	0.0520195	-0.026289	-0.00537007	-0.0111435	-0.0217236
0.00806346	-0.0398011	-0.0358931	0.00290386	-0.0117399	0.0332837	-0.0477955	-0.037107	-0.0081036	0.0177146	-0.0186992	-0.0145643	0.0852464	-0.0493468	1.16375	-0.0164722	0.120437	-0.0311106	0.126943	0.000918954	-0.0422284	-0.0289839	-0.0359569	-0.0427736	-0.0146374	-0.000561867	-0.00536049	-0.0381193	0.0617821	0.0231434	-0.0332235	-0.0407521	-0.0173781	0.0877918	-0.038153	-0.0163549	-0.0303041	-0.00856607	-0.0312236	0.0429846	0.0428974	0.0381536	-0.0116346	-0.0337447	-0.0198326	-0.0339398	-0.0180778	-0.0309161	-0.0487805	-0.037471	-0.0465895	0.064105	-0.017794	0.0371442	0.0358752	-0.0221013	-0.0540963	-0.00318545	-0.0317313	-0.0148838	-0.0179289	-0.0348547	-0.0443003	-0.0198947	0.0728424	-0.0143821	-0.0330275	-0.0443138	-0.0275853	-0.0112127	-0.0177106	-0.034388	-0.0333681	0.0963637	0.0387408	-0.0455496	0.0875628	-0.0129017	-0.0350415	-0.0397398	0.000723302	-0.0348424	-0.0375672	-0.043669	0.116456	-0.00818825	-0.0125518	-0.0172241	-0.0415085	-0.0337711	-0.0333263	-0.0319889	-0.00784656	-0.0052183	-0.0410774	-0.0344921	-0.000981356	-0.0341984	-0.0429386	-0.030968	-0.0281276	0.0156198	-0.0202217	-0.0262793	-0.0304514	-0.0116347	0.0033509	-0.049491	-0.0328743	-0.00635407	0.0269263	-0.0354408	0.0116628	-0.0148758	-0.0492168	-0.0402694	0.00526828	0.126048	-0.00742956	-0.0362228	-0.016594	0.0893314	-0.0233773	0.00296122	-0.050889	0.024849	-0.0256143	-0.0343059	-0.0416281	-0.0267678	0.0328143	-0.0209735	0.00892287	-0.053891	-0.0202304	-0.0523436	0.0229257	0.0552956	-0.0189348	-0.025084	-0.0339475	0.113775	-0.0426975	0.10522	0.00791129	0.0388207	-0.0326127	-0.00454111	0.0296026	-0.0436256	-0.0301946	-0.0415333	0.0220465	-0.02233	-0.00104664	0.0198906
-0.0105481	0.00143672	-0.000270517	-0.00562244	-0.00961293	-0.0161793	-0.00490807	-0.00397557	-0.00898261	-0.0140015	-0.0161655	0.00577159	-0.0228571	-0.00455867	-0.0164722	0.987979	-0.03185	0.00407584	-0.0351539	-0.01059	0.0079621	-0.0104445	6.40603e-06	-0.00430814	0.00091246	-0.00907122	-0.0099152	-0.00457605	-0.0169971	-0.00928878	0.00886251	0.000355302	-0.0148443	-0.0237498	-0.0103856	-0.00413067	0.0118474	-0.000728479	-0.0012463	-0.0151411	-0.0107829	-0.0225008	0.00368058	0.00908625	-0.000467978	0.00671899	-0.0097943	0.00344491	-0.00143701	0.0378752	0.000880988	-0.0245493	0.000958662	-0.0147585	-0.0224845	-0.0128208	-0.00526157	-0.00927584	-0.00342931	-0.0115044	-0.0125392	-0.00356349	0.00119271	-0.0124091	-0.0247583	-0.00315029	-0.0073291	0.00565785	-0.00937155	-0.00884887	-0.00150808	0.0350496	-0.000691785	-0.0338871	-0.0122896	0.00158965	-0.0201875	-0.00845753	0.00557017	0.0052482	-0.0104821	-0.00179464	0.00619315	0.00871199	-0.043684	-0.0117014	-0.00159288	0.0122753	0.00470922	-0.00360389	-0.00229626	0.00580883	-0.0121939	-0.00354733	-0.00386024	0.00459109	-0.0134674	0.000183952	0.00118019	-0.00881518	0.00350306	-0.0187669	-0.00299592	-0.00127406	0.00371845	-0.00719227	-0.00770376	-0.00283164	-0.00180739	-0.00530478	-0.00296513	-0.0036195	-0.00815181	-0.00136703	-0.00380263	0.00312722	-0.0103542	-0.035714	-0.00279408	-0.00687079	0.00123146	-0.019216	-0.00134171	-0.0136723	-0.00618343	-0.0151236	-0.000563089	-0.0107316	-0.00791305	-0.0092577	-0.0154352	0.00328753	-0.00497893	0.000357034	-0.00356628	-0.00635462	-0.0138861	-0.0134426	-0.00293726	-0.000691318	-0.0038051	-0.0337399	-0.00046591	-0.0321688	-0.012511	-0.0202266	-0.00508214	0.00193257	-0.0111478	-0.00206619	-0.00294966	0.0028236	-0.0228092	-5.85688e-05	-0.00696356	-0.0165074
0.0146733	-0.052366	-0.0445675	-0.0364039	-0.0508424	0.040525	-0.0766715	-0.0655928	-0.0477976	0.0198481	-0.0508786	-0.0296955	0.18408	-0.0655109	0.120437	-0.03185	1.47128	-0.0604832	0.286709	-0.0461998	-0.064982	-0.0466459	-0.057321	-0.0621691	-0.043618	0.0110288	-0.0459815	-0.0370705	0.157413	0.0216398	-0.0647453	-0.071697	-0.0145096	0.196103	-0.0677414	0.00481093	-0.0599742	-0.0419014	-0.0502465	-0.0129253	-0.00759999	0.0576229	-0.02174	-0.0468037	-0.0333373	-0.0556001	-0.0424624	-0.0370639	-0.0721746	-0.0508836	-0.0713257	0.12383	-0.0252785	0.108001	0.0349139	-0.059934	-0.065584	-2.193e-05	-0.0601022	-0.0192494	-0.0353467	-0.0687033	-0.0745804	-0.049918	0.179031	-0.0470204	-0.0473209	-0.0726278	-0.0355881	-0.0485474	-0.0396402	-0.0582808	-0.0473941	0.28353	-0.00590235	-0.0768047	0.226288	-0.0226034	-0.0567514	-0.0679098	-0.0222894	-0.0516955	-0.0659215	-0.0661591	0.411555	-0.0205575	-0.05215	-0.0294701	-0.0726085	-0.0567897	-0.0491091	-0.0581114	-0.0422218	-0.0311894	-0.0704163	-0.0553146	-0.0198366	-0.0599957	-0.0713013	-0.0482182	-0.0586745	0.0400707	-0.0151078	-0.0527327	-0.0506461	-0.0154601	0.000882798	-0.0733758	-0.0552241	0.00901262	0.0564204	-0.0518815	0.0217558	-0.0509326	-0.0764294	-0.0734886	-0.0292326	0.319276	-0.0468994	-0.0444357	-0.0410912	0.212259	-0.0469675	-0.0245642	-0.0669379	0.0159842	-0.0600631	-0.0458946	-0.0773049	-0.0483538	-0.017456	-0.0342222	-0.00871132	-0.07212	-0.0526587	-0.0784459	0.070148	-0.00928372	-0.0193736	-0.00314641	-0.0438585	0.282159	-0.0680025	0.303633	0.0164149	0.141397	-0.051418	-0.0364549	0.0515198	-0.0569433	-0.0160123	-0.0806225	0.0606744	-0.0180024	0.0153279	0.0683071
-0.0144029	0.00534897	-0.00432761	-0.0171733	-0.00509774	-0.01384	-0.00151497	0.015687	-0.0078285	-0.0138115	0.00620338	0.00571324	-0.0493058	-0.000960165	-0.0311106	0.00407584	-0.0604832	1.03666	-0.0627479	-0.0123094	0.00629553	0.00994853	0.0156098	0.00709578	-0.0163492	-0.00254785	-0.0133333	0.00280049	-0.0325806	-0.015732	0.0273238	0.00734547	-0.0142505	-0.0448612	0.00366517	-0.0122034	0.0106995	-0.00522689	0.041908	-0.0205132	-0.0251826	-0.0244105	-0.00203363	0.00537158	0.0122197	-0.00212311	-0.00987304	0.00380348	0.0152501	0.0116738	-0.00203021	-0.0261627	-0.00354053	-0.0273834	-0.0272254	-0.00300641	0.0053181	-0.00628214	0.00627279	-0.00948177	-0.0120602	0.00551525	0.0065875	-0.00838996	-0.0270978	-0.000824484	0.0033517	0.00322274	-0.00504184	-0.0137508	0.00574289	0.00894836	0.00934446	-0.0526609	-0.0215753	0.000316993	-0.0453046	-0.00552871	0.00707412	0.000766636	-0.0201636	0.00216245	0.0144458	0.00670907	-0.0594896	-0.00903217	-0.00663831	0.00661341	0.00669673	-0.000551138	0.000738313	0.00290386	-0.0107249	-0.00602777	0.00648993	0.0127162	-0.00985429	0.0102739	-0.000942673	0.00477176	0.00420949	-0.0245454	-0.00295845	0.00769523	0.00670471	-0.00266005	-0.0122257	0.00360817	0.00501798	-0.00378436	-0.0131042	0.00523412	-0.0161259	-0.00612379	-0.000755929	0.00485418	-0.01992	-0.0550538	-0.0119521	0.00927215	0.0017403	-0.041996	0.00497146	-0.0110723	-0.0016957	-0.0124078	-0.00267532	0.00933832	-0.0038056	0.00310604	-0.0190367	0.00306676	-0.0198559	0.00340944	0.00509613	0.00216858	-0.0226633	-0.0201983	0.000300382	0.000311827	0.00694869	-0.0522707	0.00366425	-0.0520829	-0.0176122	-0.0320128	-0.00328703	-0.00464945	-0.00583294	0.00522243	3.14157e-05	0.00708763	-0.0214661	-0.000298255	-0.0023883	-0.0222998
0.00470019	-0.0457957	-0.0458323	-0.032182	-0.0495906	0.0286841	-0.0616473	-0.0615251	-0.0381391	0.0252831	-0.0464913	-0.0261523	0.169838	-0.0608218	0.126943	-0.0351539	0.286709	-0.0627479	1.43242	-0.0376439	-0.0550082	-0.0409903	-0.0666457	-0.067308	-0.0440413	0.0149491	-0.0393709	-0.0494526	0.152892	0.0407126	-0.0589474	-0.0619375	-0.0115769	0.174918	-0.06062	-0.000835452	-0.05643	-0.0454941	-0.0435565	-0.000349945	-0.00656383	0.0492446	-0.0205688	-0.0453382	-0.0345166	-0.0605747	-0.0368123	-0.0530698	-0.068325	-0.0549316	-0.0661724	0.119342	-0.0237094	0.100502	0.0310202	-0.0559539	-0.0713236	-0.00202283	-0.0540222	-0.0102113	-0.0459051	-0.0602413	-0.061537	-0.0394079	0.156676	-0.0400356	-0.0355598	-0.0700743	-0.0294879	-0.043477	-0.0305073	-0.0528607	-0.0546342	0.257994	-0.0031211	-0.0705811	0.211715	-0.0252531	-0.0538921	-0.0638126	-0.0154712	-0.0551886	-0.0582243	-0.0525089	0.258786	-0.00848354	-0.0470027	-0.0230081	-0.0653044	-0.0595677	-0.043558	-0.0472487	-0.0302606	-0.0392758	-0.0683005	-0.0535188	-0.0155818	-0.0515427	-0.0626488	-0.0405654	-0.0465373	0.0368508	-0.0148556	-0.0480062	-0.0440113	-0.0244018	0.00669648	-0.0697016	-0.0491631	0.0150319	0.0615039	-0.0449838	0.0154486	-0.0359927	-0.0674934	-0.0603999	-0.0211989	0.277727	-0.0383565	-0.0491999	-0.0365269	0.20442	-0.0398051	-0.012571	-0.0530915	0.0233672	-0.0519773	-0.0508091	-0.0711289	-0.0345153	-0.0208254	-0.0249552	-0.00858003	-0.069978	-0.0391464	-0.0678593	0.0754728	-0.000487687	-0.0179419	0.0076019	-0.0485851	0.269572	-0.0571401	0.2494	0.0158579	0.102932	-0.062332	-0.0358211	0.0516356	-0.0575265	-0.0185544	-0.0621718	0.0580817	-0.0225405	-0.00365827	0.0540016
-0.000376788	-0.0100545	-0.0109743	0.00347985	0.0202193	-0.00283049	-0.0215243	-0.0122071	0.0161951	-0.0086775	-0.00156456	0.000223065	-0.0216449	-0.0100086	0.000918954	-0.01059	-0.0461998	-0.0123094	-0.0376439	1.00691	-0.00530116	-0.0131134	-0.00216792	-0.0136749	0.0122801	-0.00953051	0.0187585	-0.0108036	-0.015193	0.0105571	-0.00906909	-0.0139036	-0.00235744	-0.0332676	-0.0189442	-0.00998375	-0.0038449	0.0152713	-0.0100014	0.0191567	0.0260326	-0.00439759	-0.00329033	-0.0107104	-0.00160802	-0.00675783	0.0165079	0.00246714	-0.0195967	-0.0168429	-0.018802	-0.0258535	-0.0160694	-0.0142453	-0.00255368	0.0252203	-0.011898	-0.00303541	-0.0139856	0.00647133	0.016196	-0.0110186	-0.0121132	0.0134735	-0.0207503	-0.000304915	-0.0187583	-0.0181812	-0.0181864	0.0214041	0.00445603	-0.00557117	-0.0056275	-0.0406667	0.0126592	-0.0165706	-0.029326	-0.00322198	-0.0198187	-0.00841677	0.0282611	-0.0125883	-0.0136684	-0.00612075	-0.0422819	0.00171722	0.0261592	-0.0144775	-0.022647	-0.0102652	-0.0159962	-0.0070364	0.0238032	0.0292367	-0.0207509	-0.0137434	0.00951385	0.00350262	-0.01552	-0.00436015	-0.00973811	-0.0129398	-0.00293865	0.000373895	-0.0210053	-0.00824429	-0.011317	-0.0278081	-0.00980418	-0.0144036	-0.00900549	-0.010209	-0.00194902	0.02515	-0.0185217	-0.008621	0.0223364	-0.047776	0.0287669	-0.00217784	-0.000800159	-0.030017	0.00733873	0.0117677	-0.021809	0.0140746	-0.00592939	-0.0133039	-0.0235331	0.00300704	0.0118735	-0.0115713	0.0444879	-0.0144498	-0.00814614	-0.0143382	-0.0189019	0.020162	-0.00539632	-0.0115546	-0.00170526	-0.0415	-0.0146289	-0.0466957	0.00110595	-0.0330281	-0.0093276	0.0139839	-0.00349594	-0.0114646	-0.0115951	-0.020078	-0.00515019	-0.0107218	-0.00516607	-0.0105099
-0.0152688	0.00884904	0.01313	-0.00916244	-0.0110341	-0.0255834	-0.00194264	0.0128712	-0.0148938	-0.0206013	0.00155952	-0.00166179	-0.0472922	0.0105907	-0.0422284	0.0079621	-0.064982	0.00629553	-0.0550082	-0.00530116	0.940523	0.00765097	0.0102159	0.018237	-0.0166125	-0.0176944	-0.0133039	0.0141571	-0.0357053	-0.0282292	0.0052591	0.0350742	-0.0054485	-0.0411012	0.0107713	-0.00902978	0.0807659	-0.0106469	0.00405871	-0.0254603	-0.028332	-0.0312443	-0.00934748	0.00813601	-0.00625848	0.0112855	-0.0146917	0.00522723	0.0355885	0.0113221	0.0161468	-0.0307123	0.000436254	-0.0260402	-0.0249188	-0.00664282	0.0145374	-0.0102207	0.01388	-0.00780801	-0.00730256	0.00836585	0.00886641	-0.00266483	-0.0466086	-0.00216815	0.0161072	0.0101873	0.0112688	-0.0201031	-0.0129143	0.0143596	0.00978505	-0.049527	-0.0235644	0.0123564	-0.0503213	-0.0097407	0.011742	0.0172585	-0.0215206	0.00478634	0.0120502	0.0116508	-0.0628634	-0.017533	-0.0100954	-0.000674283	0.0229972	0.0157383	-0.00381889	0.010251	-0.0170758	-0.0112412	0.00245327	0.00660757	-0.0119781	0.00497645	0.0217381	0.00822484	0.00806967	-0.0231416	-0.00306003	0.00673811	0.0100422	-0.00192428	-0.00935946	0.0054696	0.010223	-0.00830484	-0.0199717	0.00553556	-0.0113989	-0.0137294	0.0121041	0.0232776	-0.0196883	-0.0664475	-0.0146719	0.00489152	-0.00194801	-0.0400777	-0.00234594	-0.0121968	0.0104516	-0.0265655	-0.000151429	0.00415537	0.0139595	0.00662569	-0.0296649	-0.00326813	-0.0192651	0.00984966	0.015168	0.0132653	-0.0197039	-0.0333014	-0.0013886	0.00059765	-0.00117085	-0.0496149	0.0176082	-0.0538564	-0.0251091	-0.0381899	0.00461668	-0.00683234	-0.0115939	0.00155705	-0.000968562	0.000618137	-0.0235121	-0.00642055	-0.0114964	-0.0256078
-0.00213882	0.0117489	0.0113419	-0.00569823	-0.0154219	-0.0168874	-0.000745835	-0.00159399	-0.00352778	-0.00918484	0.00581724	0.00202705	-0.0403274	-0.00138813	-0.0289839	-0.0104445	-0.0466459	0.00994853	-0.0409903	-0.0131134	0.00765097	0.952999	0.00249567	-0.00232852	-0.000450537	-0.005719	-0.0100295	0.00895784	-0.0332907	-0.0173512	-0.00768981	0.00311367	-0.00309487	-0.0334343	-0.0079823	-0.00270939	-0.000243243	-0.0112195	0.00075837	-0.0177886	-0.0197577	-0.0140544	-0.000477905	-0.00206627	-0.00963655	0.0104919	-0.00996469	-0.00382392	-0.00286326	0.00769183	-0.00709039	-0.0216866	-0.00801493	-0.0240034	-0.0176177	-0.0151177	-0.00840156	-0.00603805	0.0163239	0.0073363	-0.00320344	0.0135921	-0.00369677	-0.00192458	-0.0302677	0.0103658	0.0149987	0.00311723	-0.00467195	-0.00345483	-0.00882391	0.00319302	0.00806608	-0.0453836	-0.0111999	-0.0132181	-0.0399521	-0.00604243	0.0093751	0.00875428	-0.00287285	0.00571423	0.00185147	0.00611275	-0.0599297	-0.00769779	0.00132669	-0.00603668	-0.000201093	0.0124646	0.000346272	-0.000399178	-0.00987659	-0.00947167	-0.00273144	0.00697982	-0.0108737	0.0073318	0.000636566	0.000175573	0.00426207	-0.0165587	-0.0032372	0.0102083	-0.00219855	0.00144367	0.000296034	-0.00555587	0.0040244	-0.0120327	-0.0188004	0.000549753	-0.0111244	-0.00844245	-0.00815716	0.0103572	-0.00614608	-0.048954	-0.00560856	0.00056195	0.013518	-0.0331523	-0.00356107	-0.00454195	-0.00377301	-0.00569463	0.0139018	0.00384464	0.00262143	0.0156407	-0.013962	-0.00690894	-0.0107106	-0.00281804	0.00209594	-0.00233897	-0.0110732	-0.0180277	0.00262552	-0.00338025	0.0170689	-0.0445942	0.00550412	-0.0496144	-0.00448558	-0.0231319	0.010872	-0.00581779	-0.00777521	0.00456987	-0.00121701	-7.3906e-05	-0.0176059	-0.00876585	-0.0118968	-0.0134855
-0.0155461	0.0250628	-0.00341247	-0.0119422	-0.00788112	-0.0269256	0.00258008	0.00653694	-0.0106631	-0.0109831	0.00444809	-0.0018983	-0.0384296	-0.00315099	-0.0359569	6.40603e-06	-0.057321	0.0156098	-0.0666457	-0.00216792	0.0102159	0.00249567	0.986917	-0.00205845	-0.00700674	0.000849027	-0.00329026	0.00276943	-0.0387979	-0.0227674	0.0139789	0.00959057	0.00371922	-0.0313854	0.010259	-0.0105942	0.00463872	-0.0010708	0.0148073	-0.0270025	-0.0219524	-0.0334754	-0.0093547	0.00514053	0.000978208	0.0109739	0.00054941	0.00268613	0.00460969	0.00653889	0.00385255	-0.0238814	-0.0103514	-0.028246	-0.0175298	-0.00365284	0.0144565	-0.00624182	0.00180798	-0.00217062	-0.010397	0.000188114	0.0030125	-0.00333166	-0.0424328	0.000972796	-0.000516952	0.00169179	-0.00103799	-0.00469115	-0.00933873	0.00314025	0.00287711	-0.0537546	-0.0202902	0.0123949	-0.0416819	-0.000149961	0.0143447	0.00174546	-0.00992865	0.00900825	0.00409619	0.00935684	-0.0658389	-0.00811182	-0.00755325	-0.00520262	0.00741498	0.0117979	0.00776459	0.0108601	-0.00881041	-0.00246644	0.00391865	0.0119896	-0.0118607	0.00346048	-0.00295177	0.00912951	0.00879499	-0.0118029	-0.00359383	-0.000285878	0.00886762	0.00132686	-0.011183	0.00379482	0.0146547	0.000994412	-0.0183496	0.00746291	-0.0155055	-0.00128871	0.00519183	0.00671704	-0.0121813	-0.0589053	-0.00962946	-0.00156394	0.00348911	-0.0383305	0.00077991	-0.0146518	0.00610659	-0.0257859	0.00880082	0.010804	-0.00113799	0.00770207	-0.0128205	-0.00444122	-0.0148496	-0.00142961	0.00967162	0.00406772	-0.0173842	-0.0157726	0.00450947	-0.000171005	0.000587349	-0.0614475	0.00297916	-0.0609865	-0.00853123	-0.0311241	0.00909356	0.000252371	-0.0131435	0.011415	-0.00769012	-0.00292565	-0.0165175	-0.0127102	-0.0108267	-0.0135217
